Proved_basin_of_attraction_of_the_stable_fixed_point:
m=39
M=300
DPDEContainer=
[2, 1, 2]
(0, 1)
0 1
1 0
([0,0],[0,0])
([-2.12177849619568139e-05,2.12177849619441355e-05],[0,0])
([0.348414804336131645,0.34846215771331851],[0,0])
([-4.19130454451260457e-05,4.19130454452054297e-05],[0,0])
([-1.12880363414364479e-05,1.12880363391872925e-05],[0,0])
([-1.21254675264464799e-05,1.21254675265176408e-05],[0,0])
([-0.0210923735792881289,-0.0210771217662964541],[0,0])
([-9.82311502960998507e-06,9.82311502959086415e-06],[0,0])
([-4.31092236035566098e-06,4.31092236131403471e-06],[0,0])
([-4.50977885745504756e-06,4.50977885745000771e-06],[0,0])
([0.00120415938140028744,0.00120953423747802071],[0,0])
([-2.5012692386872407e-06,2.50126923869659661e-06],[0,0])
([-1.18973927344162484e-06,1.18973927093924536e-06],[0,0])
([-1.57074526015365868e-06,1.57074526016844872e-06],[0,0])
([-7.23295585695374706e-05,-6.98531166024687932e-05],[0,0])
([-1.44193283138820229e-06,1.44193283139843572e-06],[0,0])
([-9.13173610286661873e-07,9.13173609461176914e-07],[0,0])
([-8.56311632874869852e-07,8.56311632879736691e-07],[0,0])
([3.73201409370893206e-06,4.66162592144217903e-06],[0,0])
([-6.27414628356742468e-07,6.27414628354213334e-07],[0,0])
([-5.66683913951631666e-07,5.66683914049576097e-07],[0,0])
([-7.08240834068368637e-07,7.08240834067911557e-07],[0,0])
([-7.21418750720823161e-07,2.25576749561350014e-07],[0,0])
([-4.6242714292532161e-07,4.62427142929100594e-07],[0,0])
([-2.60637089510687134e-07,2.6063708898662965e-07],[0,0])
([-2.56360104694347643e-07,2.5636010469846417e-07],[0,0])
([-2.20523475007711121e-07,2.49821245107754091e-07],[0,0])
([-2.93644603421195652e-07,2.93644603421856391e-07],[0,0])
([-1.98218056157950548e-07,1.98218056089711986e-07],[0,0])
([-1.99786919364175713e-07,1.99786919363650764e-07],[0,0])
([-1.39291217696522067e-07,1.37559947962882267e-07],[0,0])
([-2.20219235910815005e-07,2.20219235911033036e-07],[0,0])
([-2.09328913073284903e-07,2.09328913046333294e-07],[0,0])
([-2.81389496290983272e-07,2.81389496291279839e-07],[0,0])
([-2.02800893904803929e-07,2.02903202364591004e-07],[0,0])
([-1.9617416076202863e-07,1.96174160762486981e-07],[0,0])
([-1.68268969002371933e-07,1.68268968913643009e-07],[0,0])
([-2.62910206008464105e-07,2.62910206008929338e-07],[0,0])
([-2.32476007320606413e-07,2.32469962591758695e-07],[0,0])
([-2.93185962157243842e-07,2.93185962157312187e-07],[0,0])
([-7.67188117767439853e-10,7.60918438030738637e-10],[0,0])
([-1.11396556769456506e-09,1.10485860685462655e-09],[0,0])
([-9.17232783824488404e-10,9.1009885112163327e-10],[0,0])
([-1.08029117765404804e-09,1.07145566151404538e-09],[0,0])
([-7.50405406488098749e-11,7.4671478906789663e-11],[0,0])
([-1.09454668955896418e-10,1.08845677903788145e-10],[0,0])
([-9.09452104119362883e-11,9.03591456322380168e-11],[0,0])
([-1.07838678830619421e-10,1.07111038097252527e-10],[0,0])
([-5.85520508983107054e-12,5.79806531626420601e-12],[0,0])
([-8.4453852309649657e-12,8.36294508514539809e-12],[0,0])
([-7.03515879562717532e-12,6.96814857733433392e-12],[0,0])
([-8.3252921313926642e-12,8.24399369625871905e-12],[0,0])
([-4.655826878807167e-13,4.61179152708013705e-13],[0,0])
([-6.33130839225484852e-13,6.27144553617335229e-13],[0,0])
([-5.30676589005024394e-13,5.25487873231972729e-13],[0,0])
([-6.14279028355728489e-13,6.08453052565815751e-13],[0,0])
([-5.93264513741308776e-14,5.87503002733156898e-14],[0,0])
([-6.46333038321997526e-14,6.40065635908320955e-14],[0,0])
([-5.46397425617864893e-14,5.41252603752220937e-14],[0,0])
([-5.6107822648623456e-14,5.55640314559509618e-14],[0,0])
([-1.71557108769957008e-14,1.70911250971748799e-14],[0,0])
([-1.50609615342048272e-14,1.5059386455533723e-14],[0,0])
([-1.32834807441893619e-14,1.32637421368852743e-14],[0,0])
([-1.15182087610325165e-14,1.14193426823518927e-14],[0,0])
([-7.85898211225756625e-15,7.80293325302974433e-15],[0,0])
([-6.31473872322692228e-15,6.26967901291660802e-15],[0,0])
([-5.76265206325489482e-15,5.7218884796024037e-15],[0,0])
([-5.02444717650977677e-15,4.98855189207631408e-15],[0,0])
([-4.58711472373382031e-15,4.55452476835428906e-15],[0,0])
([-3.79063084535398996e-15,3.76368883349748231e-15],[0,0])
([-3.42825800495322388e-15,3.40374292777251104e-15],[0,0])
([-2.81108910339569462e-15,2.79110607115090785e-15],[0,0])
([-2.62802937540084029e-15,2.60934372551705181e-15],[0,0])
([-2.20456944462351884e-15,2.18889143944635108e-15],[0,0])
([-1.98759020891614888e-15,1.97347714590584148e-15],[0,0])
([-1.42564800176065468e-15,1.41550756223115171e-15],[0,0])
([-1.13370404473900194e-15,1.12564481705063486e-15],[0,0])
([-7.260094183931031e-16,7.20849391294535221e-16],[0,0])
([-6.64841381471053242e-16,6.60112618524320516e-16],[0,0])
([-4.33984690525285809e-16,4.30900083026968448e-16],[0,0])
([-2.85200820339552979e-16,2.83937091783586666e-16],[0,0])
([-4.62722482539714426e-17,4.58321211452724692e-17],[0,0])
([-4.2242273186436562e-17,4.18403481512370189e-17],[0,0])
([-2.75964259961010937e-17,2.73336664334089289e-17],[0,0])
([-1.80209417684298601e-17,1.78495112102299179e-17],[0,0])
([-3.03528353865030814e-18,3.00686844706493199e-18],[0,0])
([-2.75525443182733752e-18,2.72942835047606985e-18],[0,0])
([-1.80469501601456841e-18,1.78778976740237155e-18],[0,0])
([-1.18421356670694325e-18,1.17313266343715343e-18],[0,0])
([-2.2714747245902639e-19,2.25081633916332143e-19],[0,0])
([-2.03828091451953508e-19,2.01974636363782493e-19],[0,0])
([-1.3727468226191081e-19,1.36021854322374171e-19],[0,0])
([-9.29239699567624988e-20,9.20736513823507378e-20],[0,0])
([-2.70421313915786478e-20,2.67894516623719004e-20],[0,0])
([-2.32386716178329766e-20,2.30216360540138462e-20],[0,0])
([-1.72238233978839301e-20,1.70623492243420582e-20],[0,0])
([-1.29183421974333938e-20,1.27966880873422775e-20],[0,0])
([-7.57863621872835603e-21,7.50603239087736339e-21],[0,0])
([-6.35033430737417534e-21,6.28957783939926989e-21],[0,0])
([-5.14893828063527101e-21,5.09949668887052752e-21],[0,0])
([-4.09369114013129241e-21,4.05431495041583957e-21],[0,0])
([-3.22159740596686467e-21,3.19041184038096384e-21],[0,0])
([-2.71070570727580453e-21,2.68444813006817205e-21],[0,0])
([-2.34801905105562615e-21,2.32525834424392545e-21],[0,0])
([-1.98639107080379812e-21,1.96711654117546516e-21],[0,0])
([-1.68043606462266058e-21,1.66411295243227354e-21],[0,0])
([-1.39629380458699174e-21,1.38272934493935165e-21],[0,0])
([-1.20040962546205509e-21,1.18874301155432612e-21],[0,0])
([-1.01146161004150231e-21,1.00162799447936585e-21],[0,0])
([-8.60054202602189442e-22,8.51689297468709122e-22],[0,0])
([-6.82279147094027043e-22,6.75644070917252513e-22],[0,0])
([-5.35716531685093151e-22,5.3051039899164531e-22],[0,0])
([-3.9502369697651827e-22,3.9118870804731111e-22],[0,0])
([-3.0382792764844215e-22,3.00880276155558707e-22],[0,0])
([-2.20185920925807211e-22,2.18051520838054357e-22],[0,0])
([-1.54118438170985547e-22,1.52627286775120651e-22],[0,0])
([-8.14676185388242791e-23,8.06846180744203824e-23],[0,0])
([-3.67502429340965666e-23,3.64030359720313394e-23],[0,0])
([-4.79892536018864052e-24,4.76191164644680605e-24],[0,0])
([-3.41723418755104209e-24,3.39085164634021483e-24],[0,0])
([-1.98300462841091328e-24,1.96764510599272521e-24],[0,0])
([-1.11688950709622283e-24,1.11168970770864913e-24],[0,0])
([-4.72035523184588448e-25,4.67336593255823568e-25],[0,0])
([-3.34162727794410746e-25,3.30841313537976832e-25],[0,0])
([-1.90457304151533912e-25,1.88571895953179666e-25],[0,0])
([-1.02775544676039369e-25,1.01766933783633889e-25],[0,0])
([-3.88857115165250383e-26,3.85124910895345852e-26],[0,0])
([-2.75606777022596485e-26,2.72959230047926369e-26],[0,0])
([-1.58223947035518969e-26,1.56700034060368295e-26],[0,0])
([-8.63364210598429087e-27,8.55012564774816282e-27],[0,0])
([-3.41379216941594522e-27,3.3802782236897335e-27],[0,0])
([-2.46711306013523346e-27,2.44291645389293793e-27],[0,0])
([-1.51067710028206618e-27,1.49590048443185179e-27],[0,0])
([-9.08561244160089451e-28,8.99715494660145847e-28],[0,0])
([-4.6779516810138593e-28,4.63276809704149986e-28],[0,0])
([-3.56722444785290121e-28,3.53270356180921761e-28],[0,0])
([-2.54158373062945423e-28,2.51688061197168407e-28],[0,0])
([-1.83226701622888081e-28,1.81437793903312522e-28],[0,0])
([-1.29855892312935612e-28,1.28580443623850141e-28],[0,0])
([-1.02749492961430824e-28,1.0185602513844131e-28],[0,0])
([-8.11711252069367719e-29,8.10843133184062012e-29],[0,0])
([-6.41663358922636262e-29,6.39564108084943422e-29],[0,0])
([-5.09563728881407903e-29,5.06684225000165581e-29],[0,0])
([-4.11363831546080846e-29,4.08908064713984874e-29],[0,0])
([-3.32117296365587223e-29,3.29959363903708514e-29],[0,0])
([-2.64250350952823747e-29,2.62446037853085774e-29],[0,0])
([-2.0679780370196775e-29,2.05354377540347053e-29],[0,0])
([-1.62480336979349258e-29,1.613659685976647e-29],[0,0])
([-1.26014292011962648e-29,1.25180565450492291e-29],[0,0])
([-9.55413140809548741e-30,9.49460171301674811e-30],[0,0])
([-7.15524462955391793e-30,7.11476201152076374e-30],[0,0])
([-5.1336863540688517e-30,5.10997455349291885e-30],[0,0])
([-3.59818409790580301e-30,3.58690674437237397e-30],[0,0])
([-2.40220229755100284e-30,2.39968512987293594e-30],[0,0])
([-1.601209851448148e-30,1.58773913435913608e-30],[0,0])
([-1.01918905423069773e-30,1.00918719879147584e-30],[0,0])
([-6.23705989486870348e-31,6.17597126518034741e-31],[0,0])
([-3.27460692785106866e-31,3.24264799600046926e-31],[0,0])
([-1.6396246473065974e-31,1.62373423341638474e-31],[0,0])
([-7.38823585690680304e-32,7.31726112841507774e-32],[0,0])
([-4.5405550584772959e-32,4.49704151475535175e-32],[0,0])
([-2.41345117866794258e-32,2.39043199707470699e-32],[0,0])
([-1.23365915391676389e-32,1.22197142394955298e-32],[0,0])
([-5.78454556095311715e-33,5.73030911612126302e-33],[0,0])
([-3.5981789044468707e-33,3.5644688982403123e-33],[0,0])
([-1.96781954169158606e-33,1.94941716655563156e-33],[0,0])
([-1.05454479901743555e-33,1.0447130349435766e-33],[0,0])
([-5.39076177148865465e-34,5.3406357906794158e-34],[0,0])
([-3.52811947506337319e-34,3.49526616759607714e-34],[0,0])
([-2.13057565539844144e-34,2.11068418425847935e-34],[0,0])
([-1.3104781166260333e-34,1.29819661624305057e-34],[0,0])
([-8.1915301274005285e-35,8.11434433833874451e-35],[0,0])
([-5.97852982988429538e-35,5.92195777551685678e-35],[0,0])
([-4.28104207496545334e-35,4.24030234212175368e-35],[0,0])
([-3.14013037974794264e-35,3.11010206453909964e-35],[0,0])
([-2.3474753520363714e-35,2.32492332345155949e-35],[0,0])
([-1.83490936563060038e-35,1.81724423366275008e-35],[0,0])
([-1.42973346544521817e-35,1.41593668960833981e-35],[0,0])
([-1.12004102925765194e-35,1.10921312957115134e-35],[0,0])
([-8.81829019470045637e-36,8.7329298154603104e-36],[0,0])
([-6.96988197677462429e-36,6.90238555852812745e-36],[0,0])
([-5.47127037174168217e-36,5.41826620898578481e-36],[0,0])
([-4.25085416954571095e-36,4.20967049768127493e-36],[0,0])
([-3.27616569348106811e-36,3.24442512469620833e-36],[0,0])
([-2.49610133707857064e-36,2.47192474220709066e-36],[0,0])
([-1.87743821384280459e-36,1.85926079511990324e-36],[0,0])
([-1.37952935367264074e-36,1.36618098815144166e-36],[0,0])
([-9.89584828026791712e-37,9.80019017792979816e-37],[0,0])
([-6.87042594502220607e-37,6.80411011058364815e-37],[0,0])
([-4.65175720703726435e-37,4.60694165481686285e-37],[0,0])
([-3.0390355416239978e-37,3.00983801448621231e-37],[0,0])
([-1.91680152724440902e-37,1.8984541097766995e-37],[0,0])
([-1.12389251967861711e-37,1.11319416754105736e-37],[0,0])
([-6.06405271755206042e-38,6.00686735335101783e-38],[0,0])
([-2.88336005178381991e-38,2.85665105269330629e-38],[0,0])
([-1.32315672421066291e-38,1.31122916179614153e-38],[0,0])
([-6.08198786781674319e-39,6.02903283493174645e-39],[0,0])
([-3.58282302482472051e-39,3.55178130068489214e-39],[0,0])
([-1.99941417686487234e-39,1.98845061641383326e-39],[0,0])
([-1.1027993823746104e-39,1.10139481224896077e-39],[0,0])
([-6.10979104117905623e-40,6.04952211939497958e-40],[0,0])
([-3.5461268516509611e-40,3.51121450767916899e-40],[0,0])
([-1.92031478930122829e-40,1.90146675202694464e-40],[0,0])
([-1.04163760049700767e-40,1.03144707024149596e-40],[0,0])
([-5.67792656195156637e-41,5.62257759994056056e-41],[0,0])
([-3.37212057127999737e-41,3.33927136903335596e-41],[0,0])
([-1.90186486158976486e-41,1.88335002502353204e-41],[0,0])
([-1.09532231884190584e-41,1.08465778542606292e-41],[0,0])
([-6.50347484665366689e-42,6.44005802355191196e-42],[0,0])
([-4.22688426980481067e-42,4.18556074935931944e-42],[0,0])
([-2.71645328850785716e-42,2.68980457084920806e-42],[0,0])
([-1.81289414888965802e-42,1.79504081633179524e-42],[0,0])
([-1.25608138487577651e-42,1.24366406969264598e-42],[0,0])
([-9.07388216943074674e-43,8.99437858686663883e-43],[0,0])
([-6.65789794122310875e-43,6.64137239474929652e-43],[0,0])
([-4.96696116423332299e-43,4.9431428750597463e-43],[0,0])
([-3.74794425419050852e-43,3.72338314871406642e-43],[0,0])
([-2.85769574881571145e-43,2.83605325419182652e-43],[0,0])
([-2.1723213448451087e-43,2.15451619162005027e-43],[0,0])
([-1.63219756609419193e-43,1.61848674376345854e-43],[0,0])
([-1.23414939889069213e-43,1.22377933400249217e-43],[0,0])
([-9.27233937091185519e-44,9.19443095491860232e-44],[0,0])
([-6.89367568711724062e-44,6.83576638274963025e-44],[0,0])
([-5.06092670168962432e-44,5.0184351105092371e-44],[0,0])
([-3.66761960030742877e-44,3.63685073271332907e-44],[0,0])
([-2.64243265534061103e-44,2.62256180318961569e-44],[0,0])
([-1.85273522806935424e-44,1.83985578527339467e-44],[0,0])
([-1.27036869968135726e-44,1.26256541497412942e-44],[0,0])
([-8.50954970044217671e-45,8.46630036965346657e-45],[0,0])
([-5.54309410954238727e-45,5.52324881965517475e-45],[0,0])
([-3.52020684073021092e-45,3.51477796945450791e-45],[0,0])
([-2.17150814093373503e-45,2.15053712743192033e-45],[0,0])
([-1.31681432113816231e-45,1.30388528357462292e-45],[0,0])
([-7.57897734677882582e-46,7.50505865170129751e-46],[0,0])
([-4.20050946109528112e-46,4.15986036405412925e-46],[0,0])
([-2.24008327858340775e-46,2.21861545534037297e-46],[0,0])
([-1.20413064701316337e-46,1.19269414315355311e-46],[0,0])
([-6.55027784896132377e-47,6.48849739347145341e-47],[0,0])
([-3.68727306802301758e-47,3.65258125318189467e-47],[0,0])
([-2.01259451944358175e-47,1.99372088261399887e-47],[0,0])
([-1.11313698756007278e-47,1.10273493706749818e-47],[0,0])
([-6.26272167704422708e-48,6.20441034776285698e-48],[0,0])
([-3.65586833580950211e-48,3.62194531085479837e-48],[0,0])
([-2.10800627432631361e-48,2.08851482591726783e-48],[0,0])
([-1.25253710334215684e-48,1.24097320302394453e-48],[0,0])
([-7.70286195037583035e-49,7.63165954355007741e-49],[0,0])
([-4.96267030084155006e-49,4.9165858379037e-49],[0,0])
([-3.23982136769500211e-49,3.2095764202145474e-49],[0,0])
([-2.19513166147502149e-49,2.17453098513178184e-49],[0,0])
([-1.5363858163466046e-49,1.52189522257253801e-49],[0,0])
([-1.10756918473120466e-49,1.09707870758060316e-49],[0,0])
([-8.06648887040635641e-50,7.9897985831583185e-50],[0,0])
([-5.96057363603184892e-50,5.90373726273457601e-50],[0,0])
([-4.44425510238681363e-50,4.40178045340678652e-50],[0,0])
([-3.33100775917155362e-50,3.29911819487964487e-50],[0,0])
([-2.49213576695090958e-50,2.46824601931062097e-50],[0,0])
([-1.86022887364682905e-50,1.84238239959344329e-50],[0,0])
([-1.38141662760123043e-50,1.36815844915832722e-50],[0,0])
([-1.01781035696215218e-50,1.00804101910672546e-50],[0,0])
([-7.41880771327119036e-51,7.34760492481040791e-51],[0,0])
([-5.34173439376323208e-51,5.29048306727590348e-51],[0,0])
([-3.79301094947893969e-51,3.75664272326764555e-51],[0,0])
([-2.64880495084987583e-51,2.62343518023979177e-51],[0,0])
([-1.81445043000863617e-51,1.79709910183306541e-51],[0,0])
([-1.21557127942932108e-51,1.20397271298546066e-51],[0,0])
([-7.95359863650274006e-52,7.87792511754960999e-52],[0,0])
([-5.07065931354348168e-52,5.02259119522099676e-52],[0,0])
([-3.14595948129123068e-52,3.11627060830721322e-52],[0,0])
([-1.89043425344141818e-52,1.87269620236601217e-52],[0,0])
([-1.09758052000139276e-52,1.08735784952030245e-52],[0,0])
([-6.1366831489406576e-53,6.08008389222664861e-53],[0,0])
([-3.34086008353308025e-53,3.3104132368016331e-53],[0,0])
([-1.79995316620780161e-53,1.78376918895256158e-53],[0,0])
([-9.89756544837291231e-54,9.80964401315653026e-54],[0,0])
([-5.55683474910465967e-54,5.50799099536340419e-54],[0,0])
([-3.17904481998294498e-54,3.15132084732087311e-54],[0,0])
([-1.79712315326285703e-54,1.78158504778785004e-54],[0,0])
([-1.01968516982514107e-54,1.01093682785599651e-54],[0,0])
([-5.79291756348539662e-55,5.74350095788515322e-55],[0,0])
([-3.34266183491801607e-55,3.3152502606649655e-55],[0,0])
([-1.90460658595301367e-55,1.89026709224966977e-55],[0,0])
([-1.10583598044578385e-55,1.09803906691368574e-55],[0,0])
([-6.54855653963111988e-56,6.50345763773146451e-56],[0,0])
([-3.97484840940818333e-56,3.94668190983219759e-56],[0,0])
([-2.45166804527161725e-56,2.43329335226436791e-56],[0,0])
([-1.56330422671803681e-56,1.5504956977051902e-56],[0,0])
([-1.0181432072798531e-56,1.00952565978995115e-56],[0,0])
([-6.89556215275089054e-57,6.83692748899080423e-57],[0,0])
([-4.76128221461982266e-57,4.72061530647791371e-57],[0,0])
([-3.36273806258428227e-57,3.33390124000862676e-57],[0,0])
([-2.41372550318836163e-57,2.39295502927025143e-57],[0,0])
([-1.75181790975745702e-57,1.7367009776192976e-57],[0,0])
([-1.27717613218444871e-57,1.26613125407625887e-57],[0,0])
([-9.34325894247112163e-58,9.26233589527517837e-58],[0,0])
([-6.83399498311316513e-58,6.77474032434404481e-58],[0,0])
([-4.9840436503687373e-58,4.94079882704730924e-58],[0,0])
([-3.61404008183721205e-58,3.58267498320630508e-58],[0,0])
([-2.60217776695597391e-58,2.57959733205248572e-58],[0,0])
([-1.85688614576780805e-58,1.84078163531096341e-58],[0,0])
([-1.31086732835364152e-58,1.29953225481168175e-58],[0,0])
([-9.15639564315307838e-59,9.07730591872727825e-59],[0,0])
[5.33394481325034294e-44,5.33394481325034792e-44]
6
