W0_side_of_isolating_neighbourhood_about_zero
m=15
M=75
DPDEContainer=
[2, 1, 2]
(0, 1)
0 1
1 0
([0,0],[0,0])
([-1.10474877240870087e-15,1.10474877240870087e-15],[0,0])
([0.100000000000000006,0.100000000000000006],[0,0])
([-9.9999999999999998e-13,9.9999999999999998e-13],[0,0])
([-7.23496240095750742e-15,7.23496240095750742e-15],[0,0])
([-1.43769028115879116e-15,1.43769028115879116e-15],[0,0])
([-6.91819571164763428e-16,6.91819571164763428e-16],[0,0])
([-4.57887888780537808e-16,4.57887888780537808e-16],[0,0])
([-2.62583100818578087e-16,2.62583100818578087e-16],[0,0])
([-2.449103193361459e-16,2.449103193361459e-16],[0,0])
([-1.74245289836549974e-16,1.74245289836549974e-16],[0,0])
([-1.57116253278673123e-16,1.57116253278673123e-16],[0,0])
([-1.05432375956576417e-16,1.05432375956576417e-16],[0,0])
([-1.10243927263923477e-16,1.10243927263923477e-16],[0,0])
([-8.96296943249227348e-17,8.96296943249227348e-17],[0,0])
([-8.00837387921800391e-17,8.00837387921800391e-17],[0,0])
([-2.13942674353290977e-19,2.12888795511128076e-19],[0,0])
([-1.96683192916098677e-19,1.95714334055892773e-19],[0,0])
([-1.41744529574208907e-19,1.41046297857875756e-19],[0,0])
([-1.13071403645967017e-19,1.12514415376486152e-19],[0,0])
([-2.71400624819763965e-22,2.70063708847787872e-22],[0,0])
([-2.25442710524299718e-22,2.24332182652832432e-22],[0,0])
([-1.47546428489805231e-22,1.46819616694541685e-22],[0,0])
([-1.07377153489726309e-22,1.06848215022723596e-22],[0,0])
([-2.36105377810317189e-25,2.34942325746691831e-25],[0,0])
([-1.80346322278560048e-25,1.79457938623561727e-25],[0,0])
([-1.08912442778154602e-25,1.08375941490768312e-25],[0,0])
([-7.33700247182079734e-26,7.30086049237701694e-26],[0,0])
([-1.49776990397097777e-28,1.49039188889703526e-28],[0,0])
([-1.06501562693879348e-28,1.05976936293594622e-28],[0,0])
([-6.00247132609102867e-29,5.97290315930210241e-29],[0,0])
([-3.78262507396329414e-29,3.76399187446046075e-29],[0,0])
([-7.24241678102967678e-32,7.20672487749863102e-32],[0,0])
([-4.83581561486309967e-32,4.81199412077542401e-32],[0,0])
([-2.56531478730314925e-32,2.55267787654275877e-32],[0,0])
([-1.5243418539412458e-32,1.51683286498825754e-32],[0,0])
([-2.76372204641816279e-35,2.75006721619410288e-35],[0,0])
([-1.74142943977085088e-35,1.73285062833643147e-35],[0,0])
([-8.75287586064792746e-36,8.7097560615317561e-36],[0,0])
([-4.93492503819141757e-36,4.91061412970745269e-36],[0,0])
([-8.59475762163903272e-39,8.55183581980880848e-39],[0,0])
([-5.09672099218940505e-39,5.07160807466235828e-39],[0,0])
([-2.44019020998406037e-39,2.42816619760373361e-39],[0,0])
([-1.31194868436629268e-39,1.30548438668541646e-39],[0,0])
([-2.27414849413871711e-42,2.26234040110951945e-42],[0,0])
([-1.23692151116818298e-42,1.2308224395967375e-42],[0,0])
([-5.66619235623086128e-43,5.63824842059894427e-43],[0,0])
([-2.91680238853447524e-43,2.90242023738098932e-43],[0,0])
([-5.5839691699265445e-46,5.55152772577971248e-46],[0,0])
([-2.53350528337884298e-46,2.52097994429187532e-46],[0,0])
([-1.11483945247623058e-46,1.10932430801827294e-46],[0,0])
([-5.51199455957112834e-47,5.48474461441051779e-47],[0,0])
([-1.50585778107658543e-49,1.49511559025127947e-49],[0,0])
([-4.4620588332008939e-50,4.43978984988556263e-50],[0,0])
([-1.89426463302022473e-50,1.8847892321517634e-50],[0,0])
([-9.01079256002414881e-51,8.96582397039029803e-51],[0,0])
([-5.17235362234951701e-53,5.1277941097679472e-53],[0,0])
([-6.95854802777166681e-54,6.92268109532688685e-54],[0,0])
([-2.86974979584846999e-54,2.85484612883693568e-54],[0,0])
([-1.31116914148308474e-54,1.30441102399952962e-54],[0,0])
([-2.10766219469770519e-56,2.08776866110226278e-56],[0,0])
([-1.02789707884861308e-57,1.02206895756373345e-57],[0,0])
([-4.18035168415507934e-58,4.15618269843468751e-58],[0,0])
([-1.8158071965096952e-58,1.80550962873071295e-58],[0,0])
([-8.67993732756292345e-60,8.59546663877240718e-60],[0,0])
([-1.67084901510414229e-61,1.65938806114326393e-61],[0,0])
([-6.87376672334864891e-62,6.82525365591401041e-62],[0,0])
([-2.77960889417610293e-62,2.76053241717322372e-62],[0,0])
([-3.30623113547674546e-63,3.28894081622638003e-63],[0,0])
([-3.54641224985120797e-65,3.51663393999709192e-65],[0,0])
([-1.48982945566997532e-65,1.47707431286273314e-65],[0,0])
([-5.57144981889106037e-66,5.52463951086720253e-66],[0,0])
([-1.14645488751932008e-66,1.13528914825138444e-66],[0,0])
([-9.53036768617126904e-69,9.44133218997598323e-69],[0,0])
([-3.99467794415393205e-69,3.95704886310648199e-69],[0,0])
([-1.41446253390289486e-69,1.40123312309098243e-69],[0,0])
[6.92536382837040625e-59,6.92536382837041421e-59]
6
