0
0
0.348438480715121
0
0
0
-0.0210847476147548
0
0
0
0.00120684680362988
0
0
0
-7.10913370971309e-05
0
0
0
4.19681997013276e-06
0
0
0
-2.47920997880730e-07
0
0
0
1.46488848715584e-08
0
0
0
-8.65634886180674e-10
0
0
0
5.11543405131866e-11
0
0
0
-3.02300552296085e-12
0
0
0
1.78648719353285e-13
0
0
0
-1.05575380149416e-14
0
0
0
6.23976899506778e-16
0
0
0
-3.68720605107895e-17
0
0
0
2.09007930106401e-18
0
0
0
-1.25886183379022e-19
0
0
0
-3.10873340955851e-20
0
0
0
1.54342564565518e-21
0
0
0
1.13532040939119e-21
0
0
0
-2.24966280061785e-20
0
0
0
-3.12993215881226e-20
0
0
0
-2.25033389169295e-21
0
0
0
1.03334607161295e-20
0
0
0
-2.02387992835901e-21
0
0
0
-4.11487191618713e-22
0
0
