Proved_basin_of_attraction_of_the_stable_fixed_point:
m=39
M=250
DPDEContainer=
[2, 1, 2]
(0, 1)
0 1
1 0
([0,0],[0,0])
([-6.89506670995317094e-06,6.89506670995981253e-06],[0,0])
([-0.000169058427326575499,0.000169058427326739105],[0,0])
([0.295605450714279017,0.295626077644434049],[0,0])
([-9.80677884412010752e-05,9.80677884410700493e-05],[0,0])
([-9.73209590315147451e-06,9.73209590312665814e-06],[0,0])
([-2.99381158546546369e-06,2.99381158518333692e-06],[0,0])
([-2.87509392186357686e-06,2.87509392185630677e-06],[0,0])
([-1.41721860865110168e-05,1.41721860864925871e-05],[0,0])
([-0.00561484904392019635,-0.00561181363853318314],[0,0])
([-6.14096358636071405e-06,6.1409635863567042e-06],[0,0])
([-1.65908599720469531e-06,1.6590859971966e-06],[0,0])
([-1.00069132720629063e-06,1.00069132801743755e-06],[0,0])
([-1.36654750640524737e-06,1.36654750640087859e-06],[0,0])
([-1.55945494392828394e-06,1.55945494392445577e-06],[0,0])
([0.000105609229758068363,0.000106861973277874627],[0,0])
([-7.90774939371480119e-07,7.90774939371125953e-07],[0,0])
([-5.85291349423396187e-07,5.85291349423073044e-07],[0,0])
([-2.59314262519893695e-07,2.59314262790165709e-07],[0,0])
([-3.72983391572399045e-07,3.72983391571954194e-07],[0,0])
([-2.82997061608072366e-07,2.82997061607761293e-07],[0,0])
([-2.25637257605122194e-06,-1.78540402779333358e-06],[0,0])
([-3.80027672413112919e-07,3.80027672413248391e-07],[0,0])
([-3.30865442640209505e-07,3.30865442640329731e-07],[0,0])
([-1.76331737839466236e-07,1.76331737810641625e-07],[0,0])
([-1.8698665949943372e-07,1.86986659499480386e-07],[0,0])
([-1.6512782567625858e-07,1.6512782567630027e-07],[0,0])
([-3.47595190392889785e-08,1.11693464641145359e-07],[0,0])
([-1.41695071655085533e-07,1.41695071655110838e-07],[0,0])
([-1.36638231001034412e-07,1.36638231001059559e-07],[0,0])
([-1.0998084297292169e-07,1.09980843582344174e-07],[0,0])
([-1.75388506850690215e-07,1.7538850685218851e-07],[0,0])
([-1.6996238486004381e-07,1.69962384861419948e-07],[0,0])
([-8.99114173126958254e-08,8.84467852255469526e-08],[0,0])
([-8.43508691196421597e-08,8.43508691212056767e-08],[0,0])
([-1.00040836167696711e-07,1.00040836169112593e-07],[0,0])
([-5.94252679809833333e-08,5.94252685466028518e-08],[0,0])
([-1.15102289518582869e-07,1.1510228952006695e-07],[0,0])
([-1.09889206706974771e-07,1.09889206708285011e-07],[0,0])
([-8.7865744575508726e-08,8.78936275748020667e-08],[0,0])
([-2.48230704384482155e-10,2.46199902283408462e-10],[0,0])
([-2.75799934535641524e-10,2.73542384133556374e-10],[0,0])
([-1.59060118763724222e-10,1.5775834967225054e-10],[0,0])
([-2.89260591565712366e-10,2.86892121219139848e-10],[0,0])
([-2.63804245853836971e-10,2.61643928843122328e-10],[0,0])
([-1.97780221138353072e-10,1.95629424499607763e-10],[0,0])
([-7.66692112932552296e-12,7.5963971440218714e-12],[0,0])
([-8.41729495135865951e-12,8.33969476444279998e-12],[0,0])
([-4.87100113529027423e-12,4.82595933749436341e-12],[0,0])
([-8.85541677750006495e-12,8.77331397271413018e-12],[0,0])
([-8.09545230220271565e-12,8.02019916441670351e-12],[0,0])
([-6.0364276802268899e-12,5.99363210859035041e-12],[0,0])
([-2.0453138128115395e-13,2.025372860927646e-13],[0,0])
([-2.16298401892620097e-13,2.14187784342102635e-13],[0,0])
([-1.28796941320248503e-13,1.27539997506226178e-13],[0,0])
([-2.23579195028133145e-13,2.21397052055904537e-13],[0,0])
([-2.03667307133872589e-13,2.01679311292796273e-13],[0,0])
([-1.54535424354758581e-13,1.52782551888915587e-13],[0,0])
([-9.50578090349402534e-15,9.41588793851781519e-15],[0,0])
([-8.67693499110850129e-15,8.59528239946620452e-15],[0,0])
([-6.0714700997994976e-15,6.01387518614348612e-15],[0,0])
([-7.6587642018269394e-15,7.58697624372522598e-15],[0,0])
([-6.7911160850381372e-15,6.72742999671390735e-15],[0,0])
([-5.49148192796944944e-15,5.44516287228183755e-15],[0,0])
([-1.95114308229305164e-15,1.93714221092111635e-15],[0,0])
([-1.61661528325644197e-15,1.60551300886172142e-15],[0,0])
([-1.34236284485121656e-15,1.33273484280316278e-15],[0,0])
([-1.17072544217196504e-15,1.16411249791172745e-15],[0,0])
([-9.33080582588979232e-16,9.28716830454949506e-16],[0,0])
([-7.7561979175629064e-16,7.70683941746896692e-16],[0,0])
([-6.19875291204361918e-16,6.15467830680979459e-16],[0,0])
([-5.32080896933508725e-16,5.28296140400814734e-16],[0,0])
([-4.6543056714331866e-16,4.62121031168129663e-16],[0,0])
([-3.98970215123295916e-16,3.96130375228386987e-16],[0,0])
([-2.77797109889899448e-16,2.7581896888976944e-16],[0,0])
([-1.87723699625939682e-16,1.86416505979222649e-16],[0,0])
([-1.3572180784209775e-16,1.34756658713878606e-16],[0,0])
([-1.15071970217986357e-16,1.14253512914148146e-16],[0,0])
([-9.21424397811927843e-17,9.14872514694134991e-17],[0,0])
([-8.09845057545774308e-17,8.04083155721257884e-17],[0,0])
([-4.81225133569686694e-17,4.77800119744623449e-17],[0,0])
([-2.05576932429619959e-17,2.05457949228341731e-17],[0,0])
([-2.95081739188936014e-18,2.92366506009516938e-18],[0,0])
([-2.48682388414248134e-18,2.4639414589557075e-18],[0,0])
([-1.98709064016179851e-18,1.96875945509450744e-18],[0,0])
([-1.73799686253172839e-18,1.72200755256155363e-18],[0,0])
([-1.03472899237784284e-18,1.02523877814706159e-18],[0,0])
([-4.4502708158142096e-19,4.41026433973223797e-19],[0,0])
([-7.19457731052025854e-20,7.12823846489488094e-20],[0,0])
([-6.01961929131212051e-20,5.9641149858261114e-20],[0,0])
([-4.80302660639394747e-20,4.75870360415039107e-20],[0,0])
([-4.16929016781300244e-20,4.13087247052183777e-20],[0,0])
([-2.52680192572801768e-20,2.50356058758816192e-20],[0,0])
([-1.15797955883818461e-20,1.14701655424070097e-20],[0,0])
([-2.93278826476037502e-21,2.91096730922995047e-21],[0,0])
([-2.43176643877991557e-21,2.41299908099837622e-21],[0,0])
([-1.97005198436312119e-21,1.95397828578208694e-21],[0,0])
([-1.68096293033688157e-21,1.66684374858098489e-21],[0,0])
([-1.17704802982760216e-21,1.16618717885034175e-21],[0,0])
([-7.65244529771785725e-22,7.58109846398478218e-22],[0,0])
([-4.75867299218859424e-22,4.71267856803904626e-22],[0,0])
([-3.87447618302382468e-22,3.83702859207848292e-22],[0,0])
([-3.14714619337183197e-22,3.11672078792622603e-22],[0,0])
([-2.564815567913675e-22,2.54003331665882592e-22],[0,0])
([-2.06794172226412546e-22,2.04792556850879923e-22],[0,0])
([-1.66904546619705634e-22,1.65274487482196757e-22],[0,0])
([-1.3364668409472706e-22,1.32346986521029284e-22],[0,0])
([-1.07940401702214626e-22,1.06890623276841521e-22],[0,0])
([-8.47605537534165313e-23,8.39363122056838691e-23],[0,0])
([-6.30569355905875494e-23,6.24443528167473294e-23],[0,0])
([-4.52523316860329436e-23,4.48132854071705197e-23],[0,0])
([-3.3386451079951469e-23,3.30638359181330065e-23],[0,0])
([-2.48880067063302374e-23,2.46468829805541862e-23],[0,0])
([-1.84616641092606116e-23,1.82830083430932603e-23],[0,0])
([-1.27894835907584677e-23,1.26660033664166918e-23],[0,0])
([-7.9814790196944836e-24,7.90468087610125774e-24],[0,0])
([-3.63773776369562778e-24,3.60318860776091838e-24],[0,0])
([-1.21442579686971664e-24,1.20313520966962187e-24],[0,0])
([-2.9934278804976251e-25,2.97073963379522356e-25],[0,0])
([-2.21002759052902845e-25,2.19328516626929523e-25],[0,0])
([-1.53508480775426131e-25,1.52345545664671232e-25],[0,0])
([-9.71601984230662822e-26,9.64262719403770441e-26],[0,0])
([-4.85668878662955929e-26,4.82716063830695995e-26],[0,0])
([-2.1199468969571164e-26,2.09907898973974558e-26],[0,0])
([-9.82163361485068513e-27,9.7236938107005577e-27],[0,0])
([-7.23242723254816118e-27,7.16040000535608209e-27],[0,0])
([-5.00991047768017539e-27,4.96008359627648138e-27],[0,0])
([-3.15950232416452324e-27,3.12822299858494749e-27],[0,0])
([-1.5498753636420569e-27,1.53466892520137735e-27],[0,0])
([-6.54198779054525252e-28,6.47923280810203574e-28],[0,0])
([-2.91084873798204707e-28,2.88315782278488009e-28],[0,0])
([-2.15495343249927804e-28,2.13445365141358401e-28],[0,0])
([-1.5115617872998618e-28,1.49717294906666622e-28],[0,0])
([-9.78442479602987134e-29,9.69135759966091768e-29],[0,0])
([-5.17092676552658384e-29,5.12156883222616546e-29],[0,0])
([-2.54272645643228207e-29,2.51805403368863074e-29],[0,0])
([-1.40064210311986524e-29,1.3868897492095374e-29],[0,0])
([-1.0725238843614347e-29,1.06199427901020116e-29],[0,0])
([-8.01356082563611359e-30,7.93489076139772904e-30],[0,0])
([-5.80390642400176529e-30,5.7469758220097452e-30],[0,0])
([-3.94322938448765644e-30,3.904543210235404e-30],[0,0])
([-2.71074279748924221e-30,2.68413908632888824e-30],[0,0])
([-1.94235005778792619e-30,1.92587460302083242e-30],[0,0])
([-1.49529685775249245e-30,1.48285301620769621e-30],[0,0])
([-1.13813487288982594e-30,1.12933807556362727e-30],[0,0])
([-8.58457943777945084e-31,8.58032044513148212e-31],[0,0])
([-6.41963949407536216e-31,6.40150959518612401e-31],[0,0])
([-4.78483569578738577e-31,4.76272380120579874e-31],[0,0])
([-3.53659204734334694e-31,3.51793563933351841e-31],[0,0])
([-2.57423262450977135e-31,2.56241476245249411e-31],[0,0])
([-1.81279846926257116e-31,1.80634818073572205e-31],[0,0])
([-1.23932924687042393e-31,1.23672157117145898e-31],[0,0])
([-8.37041048682346508e-32,8.36623025083415927e-32],[0,0])
([-5.71214912536498978e-32,5.6665976920222038e-32],[0,0])
([-3.90596256008829909e-32,3.86798784751776692e-32],[0,0])
([-2.55880194378847416e-32,2.53397507305023063e-32],[0,0])
([-1.54332677679861091e-32,1.52839746649593963e-32],[0,0])
([-8.32797044287025063e-33,8.24781061565174244e-33],[0,0])
([-3.92609703969001509e-33,3.88850343846599117e-33],[0,0])
([-1.86997258732514927e-33,1.85208248324497087e-33],[0,0])
([-1.0463728381913413e-33,1.03629484795042331e-33],[0,0])
([-6.86346957792800723e-34,6.79742876306990564e-34],[0,0])
([-4.16110360657403504e-34,4.12114016750534621e-34],[0,0])
([-2.27446833947010226e-34,2.25272662890278159e-34],[0,0])
([-1.1051220121916215e-34,1.09465362663356808e-34],[0,0])
([-5.51265127083605782e-35,5.46092595274683606e-35],[0,0])
([-3.20807608946279783e-35,3.17818617257316512e-35],[0,0])
([-2.13795029799756456e-35,2.11802290241470019e-35],[0,0])
([-1.33520230161699436e-35,1.32275048094490501e-35],[0,0])
([-7.72059906712477132e-36,7.6485458591689406e-36],[0,0])
([-4.17602954267747909e-36,4.13699951135025366e-36],[0,0])
([-2.40588284730011592e-36,2.38335855446595917e-36],[0,0])
([-1.5813556728683789e-36,1.56648974658108717e-36],[0,0])
([-1.13676382711672962e-36,1.1260432993704131e-36],[0,0])
([-7.97125489074254841e-37,7.89576284197622816e-37],[0,0])
([-5.47662930786179641e-37,5.4244931318455131e-37],[0,0])
([-3.7456829467948471e-37,3.70983271288034213e-37],[0,0])
([-2.65559043267962074e-37,2.63007627663585663e-37],[0,0])
([-1.95302957089780775e-37,1.93422911764884035e-37],[0,0])
([-1.45971208937129339e-37,1.44564398211036372e-37],[0,0])
([-1.08011213556386748e-37,1.06968635963198417e-37],[0,0])
([-7.91632515397349962e-38,7.83977523677235131e-38],[0,0])
([-5.74736340939613388e-38,5.69168282428110587e-38],[0,0])
([-4.14004989150576982e-38,4.09990087648323199e-38],[0,0])
([-2.94589688280016992e-38,2.91732836434499997e-38],[0,0])
([-2.05861442653676989e-38,2.03866844257572594e-38],[0,0])
([-1.40709827696836134e-38,1.39348159527625654e-38],[0,0])
([-9.4556598693418119e-39,9.36429624455165476e-39],[0,0])
([-6.26946063576733534e-39,6.20901518033613914e-39],[0,0])
([-4.08149241239148546e-39,4.04231962117870143e-39],[0,0])
([-2.56319698113479912e-39,2.53871838603998321e-39],[0,0])
([-1.52360126588290896e-39,1.50912570702124547e-39],[0,0])
([-8.3888691544422809e-40,8.30982358523745938e-40],[0,0])
([-4.28733170024136726e-40,4.24745338842751212e-40],[0,0])
([-2.12212143001021104e-40,2.1028372982132421e-40],[0,0])
([-1.1315747214798327e-40,1.12152567956999546e-40],[0,0])
([-6.66894831405979619e-41,6.61041053631299258e-41],[0,0])
([-4.04463571189921375e-41,4.00927557134774383e-41],[0,0])
([-2.33314839662297931e-41,2.31800944828511369e-41],[0,0])
([-1.26825594119865987e-41,1.26542215365075532e-41],[0,0])
([-6.9267941407745366e-42,6.85815062235590245e-42],[0,0])
([-3.98099368093326566e-42,3.94159646913245775e-42],[0,0])
([-2.41398289406258146e-42,2.39010576285903642e-42],[0,0])
([-1.46039297379474576e-42,1.44596009397551704e-42],[0,0])
([-8.32516732217164518e-43,8.24302697283353175e-43],[0,0])
([-4.52576059959450226e-43,4.48123971113549999e-43],[0,0])
([-2.454318633539271e-43,2.43027319267544739e-43],[0,0])
([-1.4287869080775633e-43,1.41484628437856777e-43],[0,0])
([-8.90791816065448347e-44,8.82114288802909154e-44],[0,0])
([-5.63054689911533086e-44,5.57566445691783269e-44],[0,0])
([-3.43588610445142097e-44,3.40237051879399373e-44],[0,0])
([-2.06454075724491518e-44,2.04437588639795034e-44],[0,0])
([-1.27081660329797336e-44,1.25838967785468679e-44],[0,0])
([-8.34257217728788362e-45,8.26078917881787976e-45],[0,0])
([-5.75055412137421423e-45,5.69401859916831526e-45],[0,0])
([-4.01719684534738421e-45,3.97758282521865275e-45],[0,0])
([-2.78086066935922492e-45,2.7533490106376434e-45],[0,0])
([-1.90545413249416504e-45,1.8885821365220177e-45],[0,0])
([-1.33420326535636139e-45,1.33131422339221409e-45],[0,0])
([-9.48105043511051982e-46,9.44485248587519442e-46],[0,0])
([-6.7760999781350195e-46,6.74447908532838899e-46],[0,0])
([-4.82277529434767172e-46,4.79845930865285243e-46],[0,0])
([-3.39839384610807157e-46,3.38024066250909891e-46],[0,0])
([-2.3719083126305876e-46,2.35899728157369583e-46],[0,0])
([-1.63883177639125955e-46,1.63022235057628964e-46],[0,0])
([-1.11898149359345492e-46,1.11367456007169616e-46],[0,0])
([-7.52344161263624741e-47,7.49394255597288849e-47],[0,0])
([-4.9704331650445706e-47,4.95666860175176391e-47],[0,0])
([-3.22854459478099784e-47,3.22450936960568752e-47],[0,0])
([-2.06931072927494159e-47,2.05045228510678183e-47],[0,0])
([-1.32146941301684407e-47,1.30836120164136967e-47],[0,0])
([-8.17658160957162064e-48,8.09577569533884185e-48],[0,0])
([-4.89565934259632113e-48,4.84751780368750446e-48],[0,0])
([-2.81668233559097255e-48,2.78916239094539328e-48],[0,0])
([-1.5635766869684079e-48,1.54843140202482434e-48],[0,0])
([-8.57770668885167742e-49,8.49542811093208942e-49],[0,0])
([-4.81058708423559253e-49,4.76480757457123834e-49],[0,0])
([-2.80701967579455681e-49,2.78045676109755632e-49],[0,0])
([-1.66192320407729747e-49,1.64623996774344942e-49],[0,0])
([-9.66332110953061903e-50,9.57233071664550253e-50],[0,0])
([-5.45642001278245278e-50,5.40520799313057533e-50],[0,0])
([-3.0669989665114222e-50,3.03833423862867687e-50],[0,0])
([-1.77150401294893642e-50,1.75502049411172515e-50],[0,0])
([-1.06646109713446714e-50,1.05655760957553062e-50],[0,0])
([-6.54141803744138431e-51,6.48075369896320591e-51],[0,0])
([-3.98648166007316135e-51,3.94954495503001662e-51],[0,0])
([-2.40473480934790335e-51,2.38248065735276833e-51],[0,0])
([-1.47057427164168333e-51,1.45698077174449036e-51],[0,0])
([-9.32528399969385893e-52,9.23915351925166239e-52],[0,0])
([-6.15504670720542435e-52,6.09810417396256724e-52],[0,0])
([-4.14577033633734013e-52,4.10728896052324445e-52],[0,0])
[6.94654567425467581e-38,6.94654567425468103e-38]
6
