W0_side_of_isolating_neighbourhood_about_zero
m=15
M=75
DPDEContainer=
[2, 1, 2]
(0, 1)
0 1
1 0
([0,0],[0,0])
([-2.36484871310623033e-16,2.36484871310623033e-16],[0,0])
([-9.9999999999999998e-13,9.9999999999999998e-13],[0,0])
([0.0749999999999999972,0.0749999999999999972],[0,0])
([-1.53836642549394293e-15,1.53836642549394293e-15],[0,0])
([-3.03801069173337749e-16,3.03801069173337749e-16],[0,0])
([-1.4779789555880391e-16,1.4779789555880391e-16],[0,0])
([-9.66355586939010338e-17,9.66355586939010338e-17],[0,0])
([-5.62330423919169329e-17,5.62330423919169329e-17],[0,0])
([-5.19347852974809095e-17,5.19347852974809095e-17],[0,0])
([-3.77105326191991231e-17,3.77105326191991231e-17],[0,0])
([-3.33169558755542269e-17,3.33169558755542269e-17],[0,0])
([-2.24828724945812909e-17,2.24828724945812909e-17],[0,0])
([-2.3297499208958712e-17,2.3297499208958712e-17],[0,0])
([-1.92562251932100957e-17,1.92562251932100957e-17],[0,0])
([-1.69035403308377973e-17,1.69035403308377973e-17],[0,0])
([-4.30436032774576047e-20,4.28315710453576326e-20],[0,0])
([-3.34349297135561947e-20,3.32702296829483046e-20],[0,0])
([-1.99999410694084251e-20,1.99014216188066775e-20],[0,0])
([-1.85029201894338858e-20,1.84117750442924651e-20],[0,0])
([-1.37406444698107295e-20,1.36729582331672469e-20],[0,0])
([-1.08985607289081168e-20,1.08448745599521396e-20],[0,0])
([-2.52030755468829593e-23,2.50789255232502464e-23],[0,0])
([-1.78600242718587148e-23,1.77720460236772635e-23],[0,0])
([-9.78692522980033181e-24,9.7387149629107619e-24],[0,0])
([-8.32595178347934362e-24,8.28493825285916137e-24],[0,0])
([-5.70529917153285442e-24,5.6771949417277953e-24],[0,0])
([-4.18888511951535589e-24,4.16825072568494067e-24],[0,0])
([-8.99319720436449468e-27,8.94889683135805336e-27],[0,0])
([-5.93269968407267375e-27,5.9034752822329678e-27],[0,0])
([-3.0340333547813128e-27,3.01908774574835722e-27],[0,0])
([-2.4145165300411218e-27,2.40262265287263881e-27],[0,0])
([-1.55112744114055232e-27,1.54348660744896379e-27],[0,0])
([-1.0698665056502202e-27,1.06459635709888947e-27],[0,0])
([-2.16192799293433615e-30,2.15127836352883994e-30],[0,0])
([-1.3448039159490516e-30,1.33817942920738562e-30],[0,0])
([-6.49597131923232766e-31,6.46397224824217997e-31],[0,0])
([-4.89065257179784635e-31,4.86656128032160305e-31],[0,0])
([-2.97683194280398849e-31,2.96216810708477356e-31],[0,0])
([-1.94817818302858634e-31,1.93858148248436189e-31],[0,0])
([-3.74043507959210919e-34,3.72200974399463407e-34],[0,0])
([-2.2135086372516618e-34,2.20260492187590155e-34],[0,0])
([-1.01844959272214165e-34,1.01343272294285046e-34],[0,0])
([-7.31209023054077723e-35,7.27607096712027601e-35],[0,0])
([-4.24903759889178581e-35,4.22810689391582965e-35],[0,0])
([-2.6575808207906393e-35,2.64448961178733819e-35],[0,0])
([-4.88136011786255291e-38,4.85731459707650947e-38],[0,0])
([-2.76618244670100785e-38,2.75255626548302215e-38],[0,0])
([-1.21989359278317125e-38,1.21388441151249589e-38],[0,0])
([-8.40217551443922364e-39,8.36078649957076294e-39],[0,0])
([-4.68789329536004615e-39,4.6648007903833684e-39],[0,0])
([-2.81750561111929127e-39,2.80362661374798778e-39],[0,0])
([-4.97680612910432824e-42,4.95229043195068951e-42],[0,0])
([-2.71424558319561782e-42,2.70087523658562936e-42],[0,0])
([-1.15282490509742149e-42,1.14714610041940234e-42],[0,0])
([-7.65260008410130488e-43,7.61490345216639114e-43],[0,0])
([-4.11777522820072878e-43,4.0974911103332371e-43],[0,0])
([-2.38835354556282727e-43,2.376588543200009e-43],[0,0])
([-4.07385361913150416e-46,4.05378582729682398e-46],[0,0])
([-2.14677297420965965e-46,2.13619797619767505e-46],[0,0])
([-8.81527303490876023e-47,8.77184900371382849e-47],[0,0])
([-5.66058294131550421e-47,5.63269892326397336e-47],[0,0])
([-2.94802395473739578e-47,2.93350200064032119e-47],[0,0])
([-1.6558154690874882e-47,1.64765893439002369e-47],[0,0])
([-2.73644883340834705e-50,2.7229690242066445e-50],[0,0])
([-1.39781383708115265e-50,1.39092817378940221e-50],[0,0])
([-5.56658329925393613e-51,5.53916213768007591e-51],[0,0])
([-3.46820327027446365e-51,3.45111881716882315e-51],[0,0])
([-1.75331720465409275e-51,1.74468033177354615e-51],[0,0])
([-9.56350206220626111e-52,9.51639218845527743e-52],[0,0])
([-1.53553468139287481e-54,1.52797046468162043e-54],[0,0])
([-7.62362198298213444e-55,7.58606715079920006e-55],[0,0])
([-2.95199813410730999e-55,2.93745617223097756e-55],[0,0])
([-1.78901149616247137e-55,1.7801986139281939e-55],[0,0])
([-8.80065541625402782e-56,8.75730252284278802e-56],[0,0])
([-4.67278767447546196e-56,4.64976925938946512e-56],[0,0])
[1.39280617224130877e-46,1.39280617224130916e-46]
6
