Proved_basin_of_attraction_of_the_stable_fixed_point:
m=39
M=250
DPDEContainer=
[2, 1, 2]
(0, 1)
0 1
1 0
([0,0],[0,0])
([-6.89506673172264952e-06,6.89506673172929026e-06],[0,0])
([-0.000169058428142537814,0.00016905842814270142],[0,0])
([0.295605450745871912,0.295626077836258661],[0,0])
([-9.80677888469455778e-05,9.8067788846814552e-05],[0,0])
([-9.73209592093433323e-06,9.73209592090951347e-06],[0,0])
([-2.99381159025818236e-06,2.99381158997605432e-06],[0,0])
([-2.87509392807065039e-06,2.87509392806338115e-06],[0,0])
([-1.41721861564862789e-05,1.41721861564678491e-05],[0,0])
([-0.005614849054816521,-0.00561181363946556058],[0,0])
([-6.14096361133136901e-06,6.14096361132736085e-06],[0,0])
([-1.65908600033541103e-06,1.65908600032731572e-06],[0,0])
([-1.00069132896672855e-06,1.00069132977787546e-06],[0,0])
([-1.3665475088386915e-06,1.36654750883432314e-06],[0,0])
([-1.55945494842492838e-06,1.55945494842110021e-06],[0,0])
([0.000105609229753053345,0.000106861973658580768],[0,0])
([-7.90774941292381754e-07,7.90774941292027588e-07],[0,0])
([-5.85291350463857049e-07,5.85291350463533905e-07],[0,0])
([-2.59314262982811812e-07,2.59314263253083932e-07],[0,0])
([-3.72983392233400264e-07,3.7298339223295536e-07],[0,0])
([-2.82997062166253049e-07,2.82997062165942082e-07],[0,0])
([-2.25637258645466186e-06,-1.7854040274007012e-06],[0,0])
([-3.80027673092530539e-07,3.80027673092665959e-07],[0,0])
([-3.30865443218149296e-07,3.30865443218269416e-07],[0,0])
([-1.76331738147873738e-07,1.76331738119049048e-07],[0,0])
([-1.86986659827010027e-07,1.86986659827056614e-07],[0,0])
([-1.65127825967254605e-07,1.65127825967296321e-07],[0,0])
([-3.47595191712750618e-08,1.11693465018154562e-07],[0,0])
([-1.41695071902432891e-07,1.41695071902458196e-07],[0,0])
([-1.36638231240769274e-07,1.36638231240794447e-07],[0,0])
([-1.09980843165527665e-07,1.09980843774950136e-07],[0,0])
([-1.75388507156289432e-07,1.7538850715778778e-07],[0,0])
([-1.69962385156040188e-07,1.69962385157416352e-07],[0,0])
([-8.99114174744168349e-08,8.84467853815665569e-08],[0,0])
([-8.43508692676854797e-08,8.43508692692489835e-08],[0,0])
([-1.00040836342042998e-07,1.00040836343458906e-07],[0,0])
([-5.942526808516961e-08,5.94252686507891351e-08],[0,0])
([-1.15102289720447642e-07,1.15102289721931697e-07],[0,0])
([-1.09889206898550475e-07,1.0988920689986073e-07],[0,0])
([-8.78657447288431697e-08,8.78936277282647564e-08],[0,0])
([-2.4823070518073009e-10,2.46199903073322571e-10],[0,0])
([-2.75799935409527442e-10,2.73542385000484256e-10],[0,0])
([-1.59060119273810705e-10,1.57758350178277685e-10],[0,0])
([-2.89260592485720065e-10,2.86892122131819038e-10],[0,0])
([-2.63804246690439636e-10,2.61643929673060089e-10],[0,0])
([-1.97780221762308927e-10,1.95629425115063251e-10],[0,0])
([-7.66692116398199794e-12,7.59639717835983984e-12],[0,0])
([-8.41729498882060155e-12,8.33969480155982062e-12],[0,0])
([-4.87100115718015188e-12,4.82595935918207295e-12],[0,0])
([-8.85541681704215782e-12,8.77331401189003083e-12],[0,0])
([-8.09545233827332697e-12,8.02019920015237777e-12],[0,0])
([-6.03642770695519414e-12,5.99363213510136303e-12],[0,0])
([-2.04531382481337003e-13,2.02537287281278722e-13],[0,0])
([-2.1629840315154605e-13,2.14187785588773047e-13],[0,0])
([-1.2879694206970804e-13,1.2753999824838927e-13],[0,0])
([-2.23579196341090819e-13,2.21397053356075697e-13],[0,0])
([-2.03667308329920245e-13,2.01679312477193627e-13],[0,0])
([-1.54535425257901274e-13,1.52782552781142111e-13],[0,0])
([-9.50578095742506121e-15,9.41588799194597748e-15],[0,0])
([-8.67693504194391444e-15,8.59528244982975579e-15],[0,0])
([-6.07147013381412749e-15,6.01387521983975226e-15],[0,0])
([-7.65876424926454878e-15,7.58697629072345877e-15],[0,0])
([-6.79111612749602582e-15,6.72743003877810232e-15],[0,0])
([-5.49148196144028201e-15,5.44516290549177646e-15],[0,0])
([-1.95114309087324676e-15,1.9371422194398813e-15],[0,0])
([-1.61661529044756427e-15,1.60551301606342432e-15],[0,0])
([-1.3423628507193992e-15,1.33273484862936382e-15],[0,0])
([-1.17072544751684792e-15,1.16411250327754276e-15],[0,0])
([-9.33080586905209587e-16,9.28716834795367913e-16],[0,0])
([-7.75619795315682321e-16,7.70683945315295587e-16],[0,0])
([-6.1987529381922401e-16,6.15467833277369387e-16],[0,0])
([-5.32080899178430551e-16,5.28296142629866453e-16],[0,0])
([-4.65430569102014632e-16,4.62121033112990593e-16],[0,0])
([-3.98970216806553412e-16,3.96130376899730909e-16],[0,0])
([-2.77797111067445483e-16,2.75818970058974355e-16],[0,0])
([-1.87723700426269442e-16,1.86416506774109466e-16],[0,0])
([-1.35721808417681038e-16,1.34756659285402169e-16],[0,0])
([-1.15071970706193833e-16,1.14253513398911652e-16],[0,0])
([-9.21424401731839681e-17,9.1487251858640317e-17],[0,0])
([-8.09845060986492958e-17,8.04083159137696135e-17],[0,0])
([-4.81225135624341481e-17,4.77800121784777617e-17],[0,0])
([-2.05576933328816096e-17,2.05457950132862248e-17],[0,0])
([-2.95081740839210225e-18,2.92366507644694323e-18],[0,0])
([-2.48682389804460635e-18,2.46394147273073731e-18],[0,0])
([-1.98709065130104952e-18,1.9687594661315763e-18],[0,0])
([-1.73799687225993835e-18,1.72200756220097013e-18],[0,0])
([-1.03472899819940425e-18,1.02523878391577972e-18],[0,0])
([-4.45027084144219344e-19,4.41026436513487068e-19],[0,0])
([-7.19457736066958087e-20,7.12823851458587287e-20],[0,0])
([-6.01961933326386768e-20,5.9641150273945311e-20],[0,0])
([-4.80302663992914004e-20,4.75870363737882152e-20],[0,0])
([-4.16929019692043692e-20,4.13087249936365281e-20],[0,0])
([-2.5268019433428164e-20,2.50356060504275998e-20],[0,0])
([-1.15797956690827781e-20,1.14701656223443194e-20],[0,0])
([-2.93278828527887417e-21,2.91096732966462652e-21],[0,0])
([-2.43176645580639077e-21,2.41299909794913679e-21],[0,0])
([-1.97005199810976402e-21,1.95397829946111609e-21],[0,0])
([-1.68096294210768222e-21,1.66684376028967391e-21],[0,0])
([-1.17704803775703736e-21,1.1661871867083178e-21],[0,0])
([-7.65244534578533999e-22,7.58109851161552834e-22],[0,0])
([-4.75867301904981095e-22,4.71267859464318893e-22],[0,0])
([-3.87447620491806007e-22,3.83702861376319161e-22],[0,0])
([-3.14714621113530733e-22,3.11672080551964121e-22],[0,0])
([-2.56481558244658625e-22,2.54003333105274014e-22],[0,0])
([-2.06794173378573146e-22,2.04792557991985375e-22],[0,0])
([-1.66904547529183756e-22,1.65274488382819927e-22],[0,0])
([-1.33646684808424106e-22,1.32346987227817527e-22],[0,0])
([-1.07940402278685637e-22,1.06890623847731942e-22],[0,0])
([-8.47605542062012389e-23,8.39363126540860045e-23],[0,0])
([-6.30569359281653352e-23,6.24443531510625307e-23],[0,0])
([-4.52523319284429008e-23,4.48132856472411255e-23],[0,0])
([-3.33864512585995622e-23,3.30638360950670879e-23],[0,0])
([-2.48880068392992842e-23,2.46468831122414799e-23],[0,0])
([-1.84616642080509671e-23,1.82830084409328055e-23],[0,0])
([-1.27894836593616405e-23,1.26660034343615701e-23],[0,0])
([-7.9814790627011831e-24,7.90468091869711903e-24],[0,0])
([-3.63773778361822415e-24,3.6031886274963261e-24],[0,0])
([-1.21442580388189934e-24,1.20313521661717662e-24],[0,0])
([-2.99342790100105491e-25,2.97073965414521462e-25],[0,0])
([-2.21002760571165058e-25,2.19328518133841144e-25],[0,0])
([-1.53508481834996053e-25,1.52345546716323878e-25],[0,0])
([-9.71601990990709051e-26,9.64262726113552118e-26],[0,0])
([-4.85668882125054607e-26,4.82716067280886939e-26],[0,0])
([-2.11994691295914223e-26,2.09907900557754774e-26],[0,0])
([-9.82163369467507988e-27,9.72369388973201034e-27],[0,0])
([-7.23242729145990589e-27,7.16040006368381045e-27],[0,0])
([-5.00991051863993597e-27,4.96008363683117137e-27],[0,0])
([-3.1595023501558294e-27,3.12822302432132907e-27],[0,0])
([-1.54987537664637785e-27,1.53466893807988188e-27],[0,0])
([-6.5419878479863357e-28,6.47923286500414322e-28],[0,0])
([-2.91084876530503939e-28,2.88315784984893758e-28],[0,0])
([-2.15495345272880831e-28,2.13445367145150095e-28],[0,0])
([-1.51156180148759777e-28,1.49717296311993271e-28],[0,0])
([-9.78442488775986766e-29,9.69135769052413131e-29],[0,0])
([-5.17092681391128424e-29,5.12156888015319953e-29],[0,0])
([-2.54272648016190165e-29,2.51805405718651704e-29],[0,0])
([-1.40064211611335985e-29,1.3868897620758765e-29],[0,0])
([-1.07252389424692975e-29,1.06199428879897774e-29],[0,0])
([-8.01356089866902339e-30,7.93489083371556183e-30],[0,0])
([-5.80390647590925645e-30,5.74697587341076926e-30],[0,0])
([-3.94322941852800644e-30,3.90454324394428526e-30],[0,0])
([-2.71074282005595271e-30,2.68413910867597323e-30],[0,0])
([-1.94235007359134078e-30,1.9258746185875747e-30],[0,0])
([-1.49529686989813811e-30,1.48285302817597007e-30],[0,0])
([-1.13813488210360174e-30,1.12933808465162182e-30],[0,0])
([-8.58457950650080734e-31,8.58032051419414238e-31],[0,0])
([-6.41963954497725913e-31,6.40150964616884612e-31],[0,0])
([-4.78483573343298963e-31,4.76272383881080699e-31],[0,0])
([-3.53659207507116677e-31,3.51793566700221571e-31],[0,0])
([-2.57423264472166863e-31,2.56241478263798216e-31],[0,0])
([-1.81279848352530376e-31,1.80634819499713523e-31],[0,0])
([-1.2393292566469805e-31,1.23672158096342151e-31],[0,0])
([-8.37041055299661571e-32,8.36623031722576139e-32],[0,0])
([-5.71214917079077262e-32,5.6665977369124235e-32],[0,0])
([-3.90596259125131639e-32,3.86798787837912735e-32],[0,0])
([-2.55880196432169509e-32,2.53397509338521052e-32],[0,0])
([-1.54332678930458335e-32,1.52839747888162373e-32],[0,0])
([-8.32797051159844048e-33,8.24781068372282184e-33],[0,0])
([-3.92609707330039892e-33,3.88850347175675032e-33],[0,0])
([-1.86997260417394155e-33,1.85208249993300999e-33],[0,0])
([-1.04637284796891519e-33,1.03629485763415365e-33],[0,0])
([-6.86346964239571554e-34,6.79742882691981101e-34],[0,0])
([-4.16110364599940055e-34,4.12114020655392973e-34],[0,0])
([-2.27446836136439393e-34,2.25272665058924934e-34],[0,0])
([-1.10512202315696907e-34,1.09465363749593809e-34],[0,0])
([-5.51265132769864593e-35,5.46092600907804647e-35],[0,0])
([-3.20807612336507179e-35,3.17818620616073173e-35],[0,0])
([-2.13795032060638716e-35,2.11802292481360279e-35],[0,0])
([-1.33520231574821624e-35,1.32275049494489841e-35],[0,0])
([-7.72059914892234849e-36,7.64854594020689132e-36],[0,0])
([-4.17602958697223909e-36,4.13699955523359498e-36],[0,0])
([-2.40588287277246232e-36,2.38335857970237796e-36],[0,0])
([-1.58135568948201038e-36,1.56648976303986267e-36],[0,0])
([-1.13676383891269085e-36,1.12604331105607234e-36],[0,0])
([-7.9712549720349794e-37,7.89576292250524405e-37],[0,0])
([-5.47662936245456081e-37,5.42449318592280809e-37],[0,0])
([-3.74568298317415243e-37,3.70983274891415587e-37],[0,0])
([-2.6555904579690544e-37,2.63007630168406326e-37],[0,0])
([-1.95302958929631777e-37,1.93422913587142816e-37],[0,0])
([-1.45971210304352893e-37,1.44564399565164799e-37],[0,0])
([-1.08011214560632045e-37,1.06968636957803636e-37],[0,0])
([-7.91632522695957196e-38,7.83977530905599602e-38],[0,0])
([-5.74736346196676593e-38,5.69168287634447224e-38],[0,0])
([-4.14004992921028096e-38,4.09990091382353927e-38],[0,0])
([-2.94589690960832936e-38,2.91732839089415807e-38],[0,0])
([-2.05861444529806898e-38,2.03866846115593948e-38],[0,0])
([-1.40709828981413184e-38,1.39348160799819763e-38],[0,0])
([-9.45565995582713108e-39,9.36429633020461132e-39],[0,0])
([-6.26946069323653355e-39,6.2090152372546382e-39],[0,0])
([-4.08149244994307857e-39,4.04231965837214146e-39],[0,0])
([-2.56319700486765317e-39,2.53871840954777559e-39],[0,0])
([-1.52360128013729236e-39,1.50912572114130352e-39],[0,0])
([-8.38886923426102538e-40,8.3098236643114415e-40],[0,0])
([-4.28733174216137994e-40,4.24745342996208159e-40],[0,0])
([-2.12212145157410984e-40,2.10283731958311342e-40],[0,0])
([-1.1315747333959004e-40,1.12152569138126841e-40],[0,0])
([-6.66894838568428274e-41,6.61041060731489575e-41],[0,0])
([-4.04463575577423946e-41,4.00927561484338833e-41],[0,0])
([-2.33314842231675972e-41,2.31800947385192697e-41],[0,0])
([-1.26825595547365144e-41,1.26542216791925116e-41],[0,0])
([-6.9267942209922277e-42,6.8581507017849162e-42],[0,0])
([-3.98099372804978734e-42,3.94159651578260623e-42],[0,0])
([-2.41398292298285257e-42,2.39010579149255354e-42],[0,0])
([-1.46039299143247423e-42,1.44596011143844892e-42],[0,0])
([-8.32516742395076984e-43,8.24302707360562796e-43],[0,0])
([-4.52576065590307266e-43,4.48123976688868351e-43],[0,0])
([-2.45431866471641664e-43,2.43027322354595709e-43],[0,0])
([-1.42878692649885307e-43,1.41484630262027467e-43],[0,0])
([-8.90791827604643791e-44,8.82114300229839411e-44],[0,0])
([-5.63054697195636591e-44,5.57566452904997768e-44],[0,0])
([-3.43588614879529811e-44,3.40237056270624352e-44],[0,0])
([-2.06454078378290185e-44,2.04437591267718901e-44],[0,0])
([-1.27081661952994079e-44,1.25838969392848857e-44],[0,0])
([-8.34257228294389358e-45,8.26078928343987599e-45],[0,0])
([-5.75055419346278442e-45,5.69401867054957007e-45],[0,0])
([-4.01719689511860737e-45,3.97758287449983337e-45],[0,0])
([-2.78086070335147851e-45,2.75334904429396307e-45],[0,0])
([-1.90545415547055086e-45,1.88858215920590003e-45],[0,0])
([-1.33420328120673088e-45,1.33131423926365814e-45],[0,0])
([-9.48105054696212364e-46,9.44485259764681694e-46],[0,0])
([-6.77610005773384673e-46,6.74447916477706264e-46],[0,0])
([-4.82277535080882719e-46,4.79845936496619106e-46],[0,0])
([-3.39839388575275224e-46,3.38024070202543378e-46],[0,0])
([-2.37190834021752704e-46,2.35899730906279391e-46],[0,0])
([-1.63883179542124222e-46,1.63022236954153155e-46],[0,0])
([-1.11898150659145468e-46,1.11367457303250446e-46],[0,0])
([-7.5234417001947744e-47,7.49394264336137159e-47],[0,0])
([-4.97043322305709228e-47,4.95666865972721586e-47],[0,0])
([-3.22854463259107119e-47,3.22450940745639521e-47],[0,0])
([-2.06931075367047658e-47,2.05045230921827507e-47],[0,0])
([-1.32146942868066918e-47,1.30836121715016732e-47],[0,0])
([-8.17658170719874254e-48,8.09577579200388073e-48],[0,0])
([-4.89565940163879693e-48,4.84751786215116083e-48],[0,0])
([-2.81668237003875924e-48,2.78916242505768896e-48],[0,0])
([-1.56357670645203641e-48,1.54843142132033486e-48],[0,0])
([-8.57770679814996936e-49,8.4954282191847811e-49],[0,0])
([-4.81058714686354122e-49,4.76480763660132027e-49],[0,0])
([-2.80701971291568463e-49,2.78045679786662722e-49],[0,0])
([-1.66192322630225871e-49,1.64623998975827336e-49],[0,0])
([-9.66332124022299484e-50,9.57233084610474593e-50],[0,0])
([-5.45642008765382605e-50,5.40520806729780288e-50],[0,0])
([-3.06699900928098431e-50,3.03833428099776911e-50],[0,0])
([-1.77150403799719322e-50,1.75502051892674896e-50],[0,0])
([-1.06646111233382385e-50,1.05655762463358023e-50],[0,0])
([-6.54141813095452716e-51,6.48075379160848473e-51],[0,0])
([-3.98648171711497092e-51,3.94954501154301446e-51],[0,0])
([-2.40473484375785569e-51,2.38248069144426604e-51],[0,0])
([-1.47057429264412191e-51,1.45698079255299978e-51],[0,0])
([-9.32528413223217008e-52,9.23915365056849635e-52],[0,0])
([-6.15504679401185646e-52,6.09810425996838797e-52],[0,0])
([-4.14577039423456297e-52,4.10728901788486831e-52],[0,0])
[6.94654577020157293e-38,6.9465457702015771e-38]
6
