0
-8.122275058460809e-18
0
0.2956157626917929
0
8.166625676124772e-19
0
1.136404520476528e-19
0
-0.005613331235191261
0
1.220306076335527e-18
0
6.532124250808801e-19
0
0.0001062355980223332
0
-3.057103129774264e-19
0
-1.402122523752799e-19
0
-2.020888206943964e-06
0
-4.2811304728548e-20
0
1.748691548644314e-20
0
3.846697045368043e-08
0
7.267478099809467e-20
0
4.443758654212408e-20
0
-7.323160271226252e-10
0
1.460268082802604e-20
0
-6.811979083013831e-20
0
1.394215151417014e-11
0
-4.469093599975393e-22
0
-5.831168904194414e-21
0
-2.65441708422087e-13
0
3.596589897614155e-20
0
-9.671282321072587e-21
0
5.053758156163451e-15
0
-3.805415904772817e-20
0
3.020747617305747e-20
0
-9.621403637345618e-17
0
3.01373149692337e-20
0
-1.018142800217423e-20
0
1.870055804840522e-18
0
-6.178075286054278e-21
0
9.086464501469605e-21
0
-5.539613345140016e-20
0
2.085519429647432e-20
0
-4.685274412997e-21
0
-3.763691249904578e-21
0
7.124314953601013e-21
0
3.838924106547153e-22
0
5.032664267380529e-21
0
1.91483696525715e-20
0
-3.651410393939976e-21
0
-2.166190114921133e-23
0
5.446913326000039e-21
0
-1.530320690298291e-21
0
-7.780519433384649e-22
0
-7.912065732295704e-22
0
2.062989780132167e-21
0
-2.040216549513478e-20
0
