W0_side_of_isolating_neighbourhood_about_zero
m=15
M=75
DPDEContainer=
[2, 1, 2]
(0, 1)
0 1
1 0
([0,0],[0,0])
([-2.36484871899090342e-16,2.36484871899090342e-16],[0,0])
([-9.9999999999999998e-13,9.9999999999999998e-13],[0,0])
([0.0749999999999999972,0.0749999999999999972],[0,0])
([-1.53836642708035207e-15,1.53836642708035207e-15],[0,0])
([-3.03801069197173822e-16,3.03801069197173822e-16],[0,0])
([-1.47797895559620061e-16,1.47797895559620061e-16],[0,0])
([-9.66355586924833398e-17,9.66355586924833398e-17],[0,0])
([-5.623304239065107e-17,5.623304239065107e-17],[0,0])
([-5.19347852961214803e-17,5.19347852961214803e-17],[0,0])
([-3.77105326181403916e-17,3.77105326181403916e-17],[0,0])
([-3.3316955874581093e-17,3.3316955874581093e-17],[0,0])
([-2.24828724939097237e-17,2.24828724939097237e-17],[0,0])
([-2.32974992082517047e-17,2.32974992082517047e-17],[0,0])
([-1.92562251926204745e-17,1.92562251926204745e-17],[0,0])
([-1.69035403303170259e-17,1.69035403303170259e-17],[0,0])
([-4.30436032755593178e-20,4.28315710434686865e-20],[0,0])
([-3.3434929712075967e-20,3.32702296814753594e-20],[0,0])
([-1.99999410684155631e-20,1.99014216178187026e-20],[0,0])
([-1.85029201888764615e-20,1.84117750437377912e-20],[0,0])
([-1.37406444693924567e-20,1.36729582327510323e-20],[0,0])
([-1.08985607285739514e-20,1.08448745596196203e-20],[0,0])
([-2.52030755454856286e-23,2.50789255218597982e-23],[0,0])
([-1.78600242708740972e-23,1.77720460226975007e-23],[0,0])
([-9.7869252291730939e-24,9.73871496228661554e-24],[0,0])
([-8.32595178322911466e-24,8.28493825261016375e-24],[0,0])
([-5.70529917135953218e-24,5.67719494155532677e-24],[0,0])
([-4.18888511938714031e-24,4.16825072555735545e-24],[0,0])
([-8.99319720378707326e-27,8.94889683078347597e-27],[0,0])
([-5.93269968369530233e-27,5.90347528185745461e-27],[0,0])
([-3.03403335455233964e-27,3.01908774552051192e-27],[0,0])
([-2.41451652996862879e-27,2.4026226528005031e-27],[0,0])
([-1.55112744109347157e-27,1.54348660740211477e-27],[0,0])
([-1.06986650561749825e-27,1.06459635706632894e-27],[0,0])
([-2.16192799278009312e-30,2.15127836337535642e-30],[0,0])
([-1.34480391585415952e-30,1.33817942911296087e-30],[0,0])
([-6.49597131868111464e-31,6.46397224769368022e-31],[0,0])
([-4.89065257165108311e-31,4.86656128017556498e-31],[0,0])
([-2.97683194271367349e-31,2.96216810699490347e-31],[0,0])
([-1.94817818296902502e-31,1.93858148242509397e-31],[0,0])
([-3.74043507930272403e-34,3.72200974370667468e-34],[0,0])
([-2.2135086370824279e-34,2.2026049217075007e-34],[0,0])
([-1.01844959262758544e-34,1.01343272284875995e-34],[0,0])
([-7.31209023032140739e-35,7.27607096690198598e-35],[0,0])
([-4.24903759876290349e-35,4.22810689378758238e-35],[0,0])
([-2.65758082070940756e-35,2.6444896117065063e-35],[0,0])
([-4.88136011745948224e-38,4.8573145966754225e-38],[0,0])
([-2.76618244647537587e-38,2.75255626525850209e-38],[0,0])
([-1.21989359266143021e-38,1.21388441139135466e-38],[0,0])
([-8.40217551418719159e-39,8.36078649931997331e-39],[0,0])
([-4.68789329521787413e-39,4.66480079024189589e-39],[0,0])
([-2.81750561103318238e-39,2.80362661366230303e-39],[0,0])
([-4.97680612867055226e-42,4.95229043151905081e-42],[0,0])
([-2.71424558296196508e-42,2.70087523635312811e-42],[0,0])
([-1.15282490497527722e-42,1.14714610029785994e-42],[0,0])
([-7.65260008387178016e-43,7.61490345193799752e-43],[0,0])
([-4.11777522807585825e-43,4.0974911102089831e-43],[0,0])
([-2.38835354548984056e-43,2.37658854312738073e-43],[0,0])
([-4.07385361875973345e-46,4.05378582692688284e-46],[0,0])
([-2.14677297401617755e-46,2.13619797600514507e-46],[0,0])
([-8.81527303392608583e-47,8.77184900273599248e-47],[0,0])
([-5.66058294114573841e-47,5.63269892309504377e-47],[0,0])
([-2.94802395464800216e-47,2.93350200055136805e-47],[0,0])
([-1.65581546903689023e-47,1.64765893433967463e-47],[0,0])
([-2.73644883314848897e-50,2.72296902394806547e-50],[0,0])
([-1.39781383695005542e-50,1.39092817365895068e-50],[0,0])
([-5.56658329860553248e-51,5.53916213703486514e-51],[0,0])
([-3.46820327017045277e-51,3.45111881706532503e-51],[0,0])
([-1.75331720460092795e-51,1.74468033172064308e-51],[0,0])
([-9.56350206191403502e-52,9.5163921881644905e-52],[0,0])
([-1.53553468124186955e-54,1.52797046453135933e-54],[0,0])
([-7.62362198224164214e-55,7.58606715006235322e-55],[0,0])
([-2.95199813374993812e-55,2.93745617187536611e-55],[0,0])
([-1.78901149610881973e-55,1.78019861387480596e-55],[0,0])
([-8.80065541598717688e-56,8.75730252257724834e-56],[0,0])
([-4.67278767433268016e-56,4.64976925924738604e-56],[0,0])
[1.39280617218096827e-46,1.39280617218096866e-46]
6
